108.0 -59.0
-171.0 -138.0
-165.0 -33.0
42.0 -40.0
-237.0 10.0
-89.0 25.0
238.0 80.0
220.0 32.0
178.0 -116.0
151.0 -65.0
-108.0 -150.0
-173.0 100.0
32.0 55.0
-14.0 9.0
124.0 2.0
46.0 -90.0
259.0 133.0
-115.0 133.0
-31.0 46.0
-208.0 47.0
240.0 105.0
225.0 49.0
-106.0 -39.0
226.0 55.0
211.0 94.0
187.0 -17.0
142.0 41.0
-8.0 -32.0
-230.0 114.0
202.0 39.0
242.0 90.0
116.0 82.0
18.0 111.0
79.0 -68.0
47.0 8.0
190.0 57.0
249.0 79.0
173.0 -41.0
-35.0 91.0
111.0 -23.0
-29.0 -89.0
-162.0 24.0
229.0 111.0
187.0 12.0
-213.0 149.0
169.0 20.0
-106.0 74.0
-105.0 73.0